0 0 0 0 0 50 0 0 0 0 0 0 0 0 0
0 0 0 0 0 50 0 0 0 0 0 0 0 0 0
0 70 70 70 70 50 70 70 70 70 70 70 70 70 0
0 70 0 0 0 50 0 0 0 0 0 0 0 30 0
0 70 0 0 0 50 0 0 0 0 0 0 0 30 0
0 70 0 0 0 50 0 0 0 0 0 0 0 30 0
0 70 0 0 0 50 0 0 0 0 0 0 0 30 0
0 70 0 0 0 50 0 0 0 0 0 0 0 30 0
90 90 90 90 90 90 90 90 90 90 90 90 90 90 90
0 70 0 0 0 50 0 0 0 0 0 0 0 30 0
0 70 0 0 0 50 0 0 0 0 0 0 0 30 0
0 70 0 0 0 50 0 0 0 0 0 0 0 30 0
0 70 0 0 0 50 0 0 0 0 0 0 0 30 0
0 70 0 0 0 50 0 0 0 0 0 0 0 30 0
0 70 0 0 0 50 0 0 0 0 0 0 0 30 0
0 70 0 0 0 50 0 0 0 0 0 0 0 30 0
0 70 0 0 0 50 0 0 0 0 0 0 0 30 0
0 70 0 0 0 50 0 0 0 0 0 0 0 0 0
0 70 0 0 0 50 0 0 0 0 0 0 0 0 0
0 70 0 0 0 50 0 0 0 0 0 0 0 0 0